 1870 -9 -9  0  0  0  0  0  0  0  0  0  0
 1871  0  0  0  0  0  0  0  0  0  0  0  0
 1872  0  0  0  0  0  0 -1 -1 -1 -1 -1 -1
 1873 -1 -1 -1  0  0  0  0  0  0  0  0  0
 1874  0  0  0  0  0  0  0  0  0 -1  0  0
 1875  0  0  0  0  0  0  0  0  0  0  0  0
 1876  0  0  0  0  0  0  0  0  0  0  0  0
 1877  0  0  0  0  1  1  1  1  1  1  1  1
 1878  1  1  1  1  1  0  0  0 -1 -1 -1 -1
 1879 -1 -1  0  0  0 -1 -1 -1 -1  0  0  0
 1880  0  0  0  0  0  0  0  0  0  0  0  0
 1881  0  0  0  0  0  0  0  0  0  0  0  0
 1882  0  0  0  0  0  0  0  0  0  0  0  0
 1883  0  0  0  0  0  0  0  0  0  0  0  0
 1884  0  0  0  0  0  0  0  0  0  0  0  0
 1885  0  0  0  0  0  0  0  0  0  0  0  0
 1886  0  0  0  0  0  0  0  0  0  0  0  0
 1887  0  0  0  0  0  0  0  0  0  0  0  0
 1888  0  0  0  0  0  0  0  1  1  1  1  1
 1889  1  1  1  0  0  0  0  0  0  0 -1 -1
 1890 -1 -1  0  0  0  0  0  0  0  0  0  0
 1891  0  0  0  0  0  0  0  0  0  0  0  0
 1892  0  0  0  0  0  0  0  0  0  0  0  0
 1893  0  0  0  0 -1 -1 -1  0  0  0  0  0
 1894  0  0  0  0  0  0  0  0  0  0  0  0
 1895  0  0  0  0  0  0  0  0  0  0  0  0
 1896  0  0  0  0  0  0  0  0  1  1  1  1
 1897  1  0  0  0  0  0  0  0  0  0  0  0
 1898  0  0  0  0  0  0  0  0  0  0  0  0
 1899  0  0  0  0  0  0  0  0  0  0  1  1
 1900  1  1  1  1  1  1  1  0  0  0  0  0
 1901  0  0  0  0  0  0  0  0  0  0  0  0
 1902  0  0  0  0  0  1  1  1  1  1  1  1
 1903  1  0  0  0  0  0  0  0  0  0  0  0
 1904  0 -1 -1  0  0  0  0  0  0  0  0  0
 1905  0  0  0  1  1  1  1  1  1  1  1  0
 1906  0  0  0  0  0  0  0  0 -1  0  0  0
 1907  0  0  0  0  0  0  0  0  0  0  0  0
 1908  0  0  0  0  0  0  0  0  0  0  0  0
 1909  0  0  0  0  0  0  0  0  0  0  0  0
 1910  0  0  0  0  0  0  0 -1 -1 -1  0  0
 1911  0  0  0  0  0  0  0  0  0  0  0  0
 1912  0  0  0  0  0  0  0  0  0  0  0  0
 1913  0  0  0  0  0  0  0  0  0  0  0  0
 1914  0  0  0  0  0  0  0  0  0  0  0  0
 1915  0  0  0  0  0  0 -1 -1  0  0  0  0
 1916  0  0  0  0  0  0  0  0  0  0  0  0
 1917  0  0 -1 -1 -1 -1 -1 -1 -1 -1 -1 -1
 1918 -1 -1  0  0  0  0  0  0  0  0  1  1
 1919  1  1  1  1  1  0  0  0  0  0  0  0
 1920  0  0  0  0  0  0  0  0  0  0  0  0
 1921  0  0  0  0  0  0  0  0  0  0  0  0
 1922  0  0  0  0  0  0  0  0  0  0  0  0
 1923  0  0  0  0  0  0  0  0  0  0  0  0
 1924  0  0  0  0  0  0  0  0  0  0  0  0
 1925  0  0  0  0  0  0  0  0  0  1  1  1
 1926  1  1  1  1  1  1  0  0  0  0  0  0
 1927  0  0  0  0  0  0  0  0  0  0  0  0
 1928  0  0  0  0  0  0  0  0  0  0  0  0
 1929  0  0  0  0  0  0  0  0  0  0  0  0
 1930  0  0  0  0  0  0  0  1  1  1  1  1
 1931  1  1  1  1  1  0  0  0  0  0  0  0
 1932  0  0  0  0  0  0  0  0  0  0  0  0
 1933  0  0  0  0  0  0  0  0  0  0  0  0
 1934  0  0  0  0  0  0  0  0  0  0  0  0
 1935  0  0  0  0  0  0  0  0  0  0  0  0
 1936  0  0  0  0  0  0  0  0  0  0  0  0
 1937  0  0  0  0  0  0  0  0  0  0  0  0
 1938  0  0  0  0  0  0  0 -1  0  0  0  0
 1939  0  0  0  0  0  0  0  0  0  0  0  0
 1940  0  1  1  1  0  0  0  0  0  0  0  0
 1941  1  1  1  1  1  1  1  1  1  1  0  0
 1942  0  0  0  0  0  0  0  0  0  0  0  0
 1943  0  0  0  0  0  0  0  0  0  0  0  0
 1944  0  0  0  0  0  0  0  0  0  0  0  0
 1945  0  0  0  0  0  0  0  0  0  0  0  0
 1946  0  0  0  0  0  0  0  0  0  0  0  0
 1947  0  0  0  0  0  0  0  0  0  0  0  0
 1948  0  0  0  0  0  0  0  0  0  0  0  0
 1949  0  0  0  0  0  0  0  0  0  0  0  0
 1950  0  0  0 -1 -1 -1  0 -1  0 -1 -1 -1
 1951  0  0  0  0  0  0  0  0  0  0  0  0
 1952  0  0  0  0  0  0  0  0  0  0  0  0
 1953  0  0  0  0  0  0  0  0  0  0  0  0
 1954  0  0  0  0  0  0  0  0  0  0  0  0
 1955  0  0  0  0  0  0  0 -1 -1 -1  0  0
 1956  0  0  0  0  0  0  0  0  0  0  0  0
 1957  0  0  0  0  0  0  0  0  0  0  0  1
 1958  1  1  1  0  0  0  0  0  0  0  0  0
 1959  0  0  0  0  0  0  0  0  0  0  0  0
 1960  0  0  0  0  0  0  0  0  0  0  0  0
 1961  0  0  0  0  0  0  0  0  0  0  0  0
 1962  0  0  0  0  0  0  0  0  0  0  0  0
 1963  0  0  0  0  0  0  0  0  0  0  0  0
 1964  0  0  0  0  0  0  0  0  0  0  0  0
 1965  0  0  0  0  0  0  1  1  1  1  1  1
 1966  1  0  0  0  0  0  0  0  0  0  0  0
 1967  0  0  0  0  0  0  0  0  0  0  0  0
 1968  0  0  0  0  0  0  0  0  0  0  0  0
 1969  0  0  0  0  0  0  0  0  0  0  0  0
 1970  0  0  0  0  0  0  0  0  0  0  0  0
 1971 -1 -1  0  0  0  0  0  0  0  0  0  0
 1972  0  0  0  0  0  1  1  1  1  1  1  1
 1973  1  1  0  0  0  0  0  0 -1 -1 -1 -1
 1974 -1 -1 -1  0  0  0  0  0  0  0  0  0
 1975  0  0  0  0  0 -1 -1 -1 -1 -1 -1 -1
 1976 -1  0  0  0  0  0  0  0  0  0  0  0
 1977  0  0  0  0  0  0  0  0  0  0  0  0
 1978  0  0  0  0  0  0  0  0  0  0  0  0
 1979  0  0  0  0  0  0  0  0  0  0  0  0
 1980  0  0  0  0  0  0  0  0  0  0  0  0
 1981  0  0  0  0  0  0  0  0  0  0  0  0
 1982  0  0  0  0  0  1  1  1  1  1  1  1
 1983  1  1  1  1  1  0  0  0  0  0  0  0
 1984  0  0  0  0  0  0  0  0  0  0  0  0
 1985  0  0  0  0  0  0  0  0  0  0  0  0
 1986  0  0  0  0  0  0  0  0  0  0  0  0
 1987  1  1  1  1  1  1  1  1  1  1  1  0
 1988  0  0  0  0  0  0  0  0 -1 -1 -1  0
 1989  0  0  0  0  0  0  0  0  0  0  0  0
 1990  0  0  0  0  0  0  0  0  0  0  0  0
 1991  0  0  0  0  0  0  0  0  0  0  1  1
 1992  1  1  1  1  1  1  0  0  0  0  0  0
 1993  0  0  0  1  1  0  0  0  0  0  0  0
 1994  0  0  0  0  0  0  0  0  0  0  0  0
 1995  0  0  0  0  0  0  0  0  0  0  0  0
 1996  0  0  0  0  0  0  0  0  0  0  0  0
 1997  0  0  0  0  1  1  1  1  1  1  1  1
 1998  1  1  1  1  0  0  0  0  0  0  0  0
 1999  0  0  0  0  0  0  0  0  0  0  0  0
 2000  0  0  0  0  0  0  0  0  0  0  0  0
 2001  0  0  0  0  0  0  0  0  0  0  0  0
 2002  0  0  0  0  0  0  1  1  1  1  1  1
 2003  1  0  0  0  0  0  0  0  0  0  0  0
 2004  0  0  0  0  0  0  0  0  0  0  0  0
 2005  0  0  0  0  0  0  0  0  0  0  0  0
 2006  0  0  0  0  0  0  0  0  0  0  0  0
 2007  0  0  0  0  0  0  0  0  0  0  0 -1
 2008 -1 -1  0  0  0  0  0  0  0 -1 -1 -1
 2009 -1 -1  0  0  0  0  0  0  1  1  1  1
 2010  1  1  0  0  0 -1 -1 -1 -1 -1 -1 -1
 2011 -1 -1 -1 -1 -1  0  0  0 -1 -1 -1 -1
 2012 -1 -1  0  0  0  0  0  0  0  0  0  0
 2013  0  0  0  0  0  0  0  0  0  0  0  0
 2014  0  0  0  0  0  0  0  0  0  0  0  0
 2015  0  0  0  1  1  1  1  1  1  1  1  1
 2016  1  1  1  1  0  0  0  0  0  0  0  0
 2017  0  0  0  0  0  0  0  0  0  0  0  0
 2018  0  0  0  0  0  0  0  0  0  0  0  0
 2019  0  0  0  1  1  0  0  0  0  0  0  0
 2020  0  0  0  0  0  0  0  0  0 -1 -1 -1
 2021 -1 -1 -1  0  0  0 -9 -9 -9 -9 -9 -9
